[gd_scene load_steps=39 format=3 uid="uid://bodtq6blby3kk"]

[ext_resource type="Environment" uid="uid://bqnqgflivjvue" path="res://scenes/main-environment.tres" id="1_88lfu"]
[ext_resource type="PackedScene" uid="uid://dl2ed4gkybggf" path="res://objects/player.tscn" id="2_cmvbx"]
[ext_resource type="Script" path="res://scripts/view.gd" id="3_pqk1s"]
[ext_resource type="PackedScene" uid="uid://b8xwmc2mw2ece" path="res://objects/MyAdditions/block_snow_large_tall_2_collision.tscn" id="4_evmrs"]
[ext_resource type="PackedScene" uid="uid://050ewspbgf74" path="res://objects/MyAdditions/flowers_tall_2_collision.tscn" id="6_02jbn"]
[ext_resource type="PackedScene" uid="uid://cqdmicia4gklj" path="res://models/props/platform-fortified.glb" id="7_i5hln"]
[ext_resource type="PackedScene" uid="uid://qev3rr3iumb3" path="res://objects/poison/slide_slope.tscn" id="8_0oxvh"]
[ext_resource type="PackedScene" uid="uid://dvcm0o4863fbg" path="res://objects/poison/water.tscn" id="8_4cair"]
[ext_resource type="PackedScene" uid="uid://diomcbf5jswx0" path="res://objects/MyAdditions/poles_big.tscn" id="9_sjvbi"]
[ext_resource type="PackedScene" uid="uid://cyvet7kb6y80r" path="res://objects/checkpoint.tscn" id="10_x8fmr"]
[ext_resource type="PackedScene" uid="uid://bs65o07otxbmm" path="res://objects/moving_object_path_3d.tscn" id="12_wupaq"]
[ext_resource type="PackedScene" uid="uid://dij0whe4to8lg" path="res://objects/poison/moving_platform_square.tscn" id="13_yocau"]
[ext_resource type="PackedScene" uid="uid://bkeg1ccif4u6v" path="res://objects/MyAdditions/platform_falling_collide.tscn" id="14_b7kie"]
[ext_resource type="PackedScene" uid="uid://cdpf8rxcxb3dn" path="res://objects/MyAdditions/shape_hollow_cylinder_half_2_collision.tscn" id="15_pbbds"]
[ext_resource type="PackedScene" uid="uid://dppaaoqj1t6n5" path="res://objects/spike_block.tscn" id="18_u2w57"]
[ext_resource type="PackedScene" uid="uid://okkhtiq5uagb" path="res://objects/poison/safe_land.tscn" id="19_eho4g"]
[ext_resource type="PackedScene" uid="uid://bgv4vuwgvux0n" path="res://objects/MyAdditions/under_swing.tscn" id="19_tnk0s"]
[ext_resource type="PackedScene" uid="uid://0v6t454aaexr" path="res://objects/door.tscn" id="20_gn8te"]
[ext_resource type="PackedScene" uid="uid://ytqajrdi7fqj" path="res://objects/trampoline.tscn" id="20_tm3wb"]
[ext_resource type="PackedScene" uid="uid://dfpisimsgf5ce" path="res://objects/coin.tscn" id="21_27u36"]
[ext_resource type="PackedScene" uid="uid://cqb0c8v8nc5n0" path="res://objects/shape_hexagon_2_10.tscn" id="21_55yrq"]
[ext_resource type="Script" path="res://scripts/hud.gd" id="22_mwvov"]
[ext_resource type="PackedScene" uid="uid://3rmwylr75n6x" path="res://objects/MyAdditions/door_open_2_collision.tscn" id="22_usddn"]
[ext_resource type="PackedScene" uid="uid://d2ojc014tl3tt" path="res://models/props/fence-low-corner-curved.glb" id="23_acl3a"]
[ext_resource type="Texture2D" uid="uid://cd7oyc56ehkx1" path="res://sprites/coin.png" id="23_pyjl2"]
[ext_resource type="LabelSettings" uid="uid://daohhjonjrdx8" path="res://themes/label_settings.tres" id="24_pkkbj"]
[ext_resource type="FontFile" uid="uid://d0cxd77jybrcn" path="res://fonts/lilita_one_regular.ttf" id="25_33cwj"]
[ext_resource type="Theme" uid="uid://d3avl0mr4r87l" path="res://themes/default_theme.tres" id="26_6o16a"]
[ext_resource type="Texture2D" uid="uid://dm50aa4qogm65" path="res://sprites/button_rectangle_depth_gloss.png" id="27_k27py"]

[sub_resource type="CameraAttributesPractical" id="CameraAttributesPractical_u8ojw"]
auto_exposure_scale = 0.75
dof_blur_far_distance = 0.01

[sub_resource type="Curve3D" id="Curve3D_boi82"]
_data = {
"points": PackedVector3Array(0, 0, 0, 0, 6, 0, -65.038, -63, 92.258, 0, 6, 0, 0, 0, 0, -59.608, -63, 89.103),
"tilts": PackedFloat32Array(0, 0)
}
point_count = 2

[sub_resource type="Curve3D" id="Curve3D_kvh7w"]
_data = {
"points": PackedVector3Array(0, 0, 0, 0, 0, 0, -43.539, -65, 93.382, 0, 0, 0, 0, 0, 0, -43.585, -69, 93.428, 0, 0, 0, 0, 0, 0, -43.539, -66, 93.428),
"tilts": PackedFloat32Array(0, 0, 0)
}
point_count = 3

[sub_resource type="Curve3D" id="Curve3D_g7dky"]
_data = {
"points": PackedVector3Array(0, 0, 0, 0, 0, 0, -38.9049, -65.7085, 93.0667, 0, 0, 0, 0, 0, 0, -38.905, -71.294, 93.067, 0, 0, 0, 0, 0, 0, -38.9049, -65.7085, 93.0667),
"tilts": PackedFloat32Array(0, 0, 0)
}
point_count = 3

[sub_resource type="Curve3D" id="Curve3D_dadvr"]
_data = {
"points": PackedVector3Array(0, 0, 0, 0, 0, 0, -39.4945, -64.7335, 85.1888, 0, 0, 0, 0, 0, 0, -39.494, -67.158, 85.189, 0, 0, 0, 0, 0, 0, -39.4945, -64.7335, 85.1888),
"tilts": PackedFloat32Array(0, 0, 0)
}
point_count = 3

[sub_resource type="Curve3D" id="Curve3D_apsyo"]
_data = {
"points": PackedVector3Array(0, 0, 0, 0, 0, 0, -36.0041, -64.7859, 89.0152, 0, 0, 0, 0, 0, 0, -36.004, -69.456, 89.015, 0, 0, 0, 0, 0, 0, -36.0041, -64.7859, 89.0152),
"tilts": PackedFloat32Array(0, 0, 0)
}
point_count = 3

[sub_resource type="LabelSettings" id="LabelSettings_ri8jt"]
font = ExtResource("25_33cwj")
font_size = 128
shadow_color = Color(0, 0, 0, 0.376471)
shadow_offset = Vector2(2, 2)

[sub_resource type="LabelSettings" id="LabelSettings_x4d2s"]
font = ExtResource("25_33cwj")
font_size = 32
shadow_color = Color(0, 0, 0, 0.376471)
shadow_offset = Vector2(2, 2)

[sub_resource type="LabelSettings" id="LabelSettings_v6r7m"]
font = ExtResource("25_33cwj")
font_size = 42
shadow_color = Color(0, 0, 0, 0.376471)
shadow_offset = Vector2(2, 2)

[node name="Main" type="Node3D"]

[node name="Environment" type="WorldEnvironment" parent="."]
unique_name_in_owner = true
environment = ExtResource("1_88lfu")
camera_attributes = SubResource("CameraAttributesPractical_u8ojw")

[node name="Player" parent="." node_paths=PackedStringArray("view") instance=ExtResource("2_cmvbx")]
transform = Transform3D(0.727869, 0, -0.685717, 0, 1, 0, 0.685717, 0, 0.727869, -30.0308, -63.6463, 103.227)
view = NodePath("../View")

[node name="View" type="Node3D" parent="." node_paths=PackedStringArray("target") groups=["View"]]
process_mode = 3
transform = Transform3D(0.707107, -0.298836, 0.640856, 0, 0.906308, 0.422618, -0.707107, -0.298836, 0.640856, 0, 0, 0)
script = ExtResource("3_pqk1s")
target = NodePath("../Player")

[node name="Camera" type="Camera3D" parent="View"]
transform = Transform3D(1, 0, 0, 0, 1, 0, 0, 0, 1, 0, 0, 10)
v_offset = 2.0
current = true
fov = 70.0

[node name="World" type="Node3D" parent="."]

[node name="block-snow-large-tall2_collision" parent="World" instance=ExtResource("4_evmrs")]
transform = Transform3D(-2.39369, 0, -4.38979, 0, 5, 0, 4.38979, 0, -2.39369, -1.0539, -10.2279, -1.20129)

[node name="flowers-tall2_Collision5" parent="World" instance=ExtResource("6_02jbn")]
transform = Transform3D(2.52985, 0, 3.09836, 0, 4, 0, -3.09836, 0, 2.52985, -2.20597, -0.296596, 2.1274)

[node name="platform-fortified7" parent="World" instance=ExtResource("7_i5hln")]
transform = Transform3D(1.88577, 0, -0.66623, 0, 2, 0, 0.66623, 0, 1.88577, -3.29885, 2.10806, 0.0349817)

[node name="water" parent="World" instance=ExtResource("8_4cair")]
transform = Transform3D(10, 0, 0, 0, 10, 0, 0, 0, 10, -0.621155, -8.6853, 17.4318)

[node name="water2" parent="World" instance=ExtResource("8_4cair")]
transform = Transform3D(10, 0, 0, 0, 10, 0, 0, 0, 10, -0.728149, -6.68884, 25)

[node name="water4" parent="World" instance=ExtResource("8_4cair")]
transform = Transform3D(10, 0, 0, 0, 7.07107, 7.07107, 0, -7.07107, 7.07107, -0.0643311, -8.77466, 30.1413)

[node name="water5" parent="World" instance=ExtResource("8_4cair")]
transform = Transform3D(10, 0, 0, 0, 7.07107, 7.07107, 0, -7.07107, 7.07107, -0.0643311, -13.3756, 34.4977)

[node name="slide_slope" parent="World" instance=ExtResource("8_0oxvh")]
transform = Transform3D(2.99989, -0.00721608, -0.0251655, 0, 2.88379, -0.826912, 0.0261796, 0.826881, 2.88368, -1.514, -4.9739, 32.4243)

[node name="slide_slope2" parent="World" instance=ExtResource("8_0oxvh")]
transform = Transform3D(2.99989, -0.00721608, -0.0251655, 0, 2.88379, -0.826912, 0.0261796, 0.826881, 2.88368, 1.70329, -9.57509, 36.8681)

[node name="water6" parent="World" instance=ExtResource("8_4cair")]
transform = Transform3D(10, 0, 0, 0, 7.07107, 7.07107, 0, -7.07107, 7.07107, 2.49512, -20.2408, 41.3547)

[node name="water7" parent="World" instance=ExtResource("8_4cair")]
transform = Transform3D(10, 0, 0, 0, 7.07107, 7.07107, 0, -7.07107, 7.07107, 5.68677, -24.8418, 45.7112)

[node name="slide_slope3" parent="World" instance=ExtResource("8_0oxvh")]
transform = Transform3D(2.99989, -0.00721608, -0.0251655, 0, 2.88379, -0.826912, 0.0261796, 0.826881, 2.88368, 3.62382, -16.4401, 43.1053)

[node name="water8" parent="World" instance=ExtResource("8_4cair")]
transform = Transform3D(10, 0, 0, 0, 7.07107, 7.07107, 0, -7.07107, 7.07107, 0.874634, -29.5371, 50.3867)

[node name="slide_slope5" parent="World" instance=ExtResource("8_0oxvh")]
transform = Transform3D(2.99989, -0.00721608, -0.0251655, 0, 2.88379, -0.826912, 0.0261796, 0.826881, 2.88368, 2.4882, -25.7366, 52.6093)

[node name="water9" parent="World" instance=ExtResource("8_4cair")]
transform = Transform3D(10, 0, 0, 0, 7.07107, 7.07107, 0, -7.07107, 7.07107, -4.32825, -33.8209, 54.7924)

[node name="slide_slope6" parent="World" instance=ExtResource("8_0oxvh")]
transform = Transform3D(2.99989, -0.00721608, -0.0251655, 0, 2.88379, -0.826912, 0.0261796, 0.826881, 2.88368, -0.446621, -30.0204, 57.2859)

[node name="water10" parent="World" instance=ExtResource("8_4cair")]
transform = Transform3D(10, 0, 0, 0, 7.07107, 7.07107, 0, -7.07107, 7.07107, -9.45067, -38.7467, 61.2566)

[node name="slide_slope7" parent="World" instance=ExtResource("8_0oxvh")]
transform = Transform3D(2.99989, -0.00721608, -0.0251655, 0, 2.88379, -0.826912, 0.0261796, 0.826881, 2.88368, -5.0611, -34.9462, 62.7396)

[node name="water11" parent="World" instance=ExtResource("8_4cair")]
transform = Transform3D(10, 0, 0, 0, 7.07107, 7.07107, 0, -7.07107, 7.07107, -4.31548, -42.1134, 64.6495)

[node name="water12" parent="World" instance=ExtResource("8_4cair")]
transform = Transform3D(10, 0, 0, 0, 7.07107, 7.07107, 0, -7.07107, 7.07107, -1.12383, -46.7143, 69.0059)

[node name="slide_slope8" parent="World" instance=ExtResource("8_0oxvh")]
transform = Transform3D(2.99989, -0.00721608, -0.0251655, 0, 2.88379, -0.826912, 0.0261796, 0.826881, 2.88368, -3.18678, -38.3126, 66.9324)

[node name="slide_slope9" parent="World" instance=ExtResource("8_0oxvh")]
transform = Transform3D(2.99989, -0.00721608, -0.0251655, 0, 2.88379, -0.826912, 0.0261796, 0.826881, 2.88368, 0.489738, -42.9138, 71.9534)

[node name="water13" parent="World" instance=ExtResource("8_4cair")]
transform = Transform3D(10, 0, 0, 0, 7.07107, 7.07107, 0, -7.07107, 7.07107, -5.19823, -52.3426, 73.7155)

[node name="slide_slope10" parent="World" instance=ExtResource("8_0oxvh")]
transform = Transform3D(2.99989, -0.00721608, -0.0251655, 0, 2.88379, -0.826912, 0.0261796, 0.826881, 2.88368, -3.58466, -47.8486, 76.663)

[node name="water14" parent="World" instance=ExtResource("8_4cair")]
transform = Transform3D(10, 0, 0, 0, 7.07107, 7.07107, 0, -7.07107, 7.07107, -9.77531, -56.6264, 78.1212)

[node name="water15" parent="World" instance=ExtResource("8_4cair")]
transform = Transform3D(100, 0, 0, 0, 100, 0, 0, 0, 100, -61.5861, -116.482, 77.5564)

[node name="water16" parent="World" instance=ExtResource("8_4cair")]
transform = Transform3D(100, 0, 0, 0, 100, 0, 0, 0, 100, -108.58, -121.473, 105.255)

[node name="water19" parent="World" instance=ExtResource("8_4cair")]
transform = Transform3D(1000, 0, 0, 0, 1000, 0, 0, 0, 1000, 72.8373, -610.292, -170.657)

[node name="water17" parent="World" instance=ExtResource("8_4cair")]
transform = Transform3D(100, 0, 0, 0, 100, 0, 0, 0, 100, -205.584, -121.473, 105.255)

[node name="water18" parent="World" instance=ExtResource("8_4cair")]
transform = Transform3D(100, 0, 0, 0, 100, 0, 0, 0, 100, -205.584, -121.473, 199.547)

[node name="slide_slope11" parent="World" instance=ExtResource("8_0oxvh")]
transform = Transform3D(2.99989, -0.00721608, -0.0251655, 0, 2.88379, -0.826912, 0.0261796, 0.826881, 2.88368, -8.16175, -52.8259, 81.0687)

[node name="poles2" parent="World" instance=ExtResource("9_sjvbi")]
transform = Transform3D(2, 0, 0, 0, 0.214888, -1.98842, 0, 1.98842, 0.214888, -1.52484, -5.2408, 34.0241)

[node name="slide_slope4" parent="World" instance=ExtResource("8_0oxvh")]
transform = Transform3D(2.99989, -0.00721608, -0.0251655, 0, 2.88379, -0.826912, 0.0261796, 0.826881, 2.88368, -1.514, 0.346659, 24.3509)

[node name="slide_slope12" parent="World" instance=ExtResource("8_0oxvh")]
transform = Transform3D(-3, -7.2291e-08, -2.52109e-07, 0, 2.88379, -0.826912, 2.62268e-07, -0.826912, -2.88379, -1.514, 0.0280552, 8.07935)

[node name="poles8" parent="World" instance=ExtResource("9_sjvbi")]
transform = Transform3D(2, 0, 0, 0, 0.214888, -1.98842, 0, 1.98842, 0.214888, -1.52484, 0.119434, 25.9507)

[node name="slide_slope13" parent="World" instance=ExtResource("8_0oxvh")]
transform = Transform3D(2.99989, -0.00721608, -0.0251655, 0, 2.88379, -0.826912, 0.0261796, 0.826881, 2.88368, -1.514, -1.62697, 26.2931)

[node name="poles9" parent="World" instance=ExtResource("9_sjvbi")]
transform = Transform3D(2, 0, 0, 0, 0.214888, -1.98842, 0, 1.98842, 0.214888, -1.52484, -2.25215, 23.0206)

[node name="poles3" parent="World" instance=ExtResource("9_sjvbi")]
transform = Transform3D(2, 0, 0, 0, 0.214888, -1.98842, 0, 1.98842, 0.214888, 3.61615, -16.8295, 44.7869)

[node name="poles4" parent="World" instance=ExtResource("9_sjvbi")]
transform = Transform3D(2, 0, 0, 0, 0.214888, -1.98842, 0, 1.98842, 0.214888, 2.50873, -22.2686, 51.2943)

[node name="poles5" parent="World" instance=ExtResource("9_sjvbi")]
transform = Transform3D(2, 0, 0, 0, 0.214888, -1.98842, 0, 1.98842, 0.214888, -4.99086, -31.5407, 60.9076)

[node name="poles6" parent="World" instance=ExtResource("9_sjvbi")]
transform = Transform3D(2, 0, 0, 0, 0.214888, -1.98842, 0, 1.98842, 0.214888, 0.834747, -38.8264, 70.2125)

[node name="poles7" parent="World" instance=ExtResource("9_sjvbi")]
transform = Transform3D(2, 0, 0, 0, 0.214888, -1.98842, 0, 1.98842, 0.214888, -8.5098, -53.3569, 83.8441)

[node name="poles10" parent="World" instance=ExtResource("9_sjvbi")]
transform = Transform3D(1.29985, 0, -1.52, 0, 2, 0, 1.52, 0, 1.29985, -24.1641, -63.5732, 101.993)

[node name="poles11" parent="World" instance=ExtResource("9_sjvbi")]
transform = Transform3D(1.29985, 0, -1.52, 0, 2, 0, 1.52, 0, 1.29985, -26.4673, -63.5732, 99.2998)

[node name="poles12" parent="World" instance=ExtResource("9_sjvbi")]
transform = Transform3D(1.29985, 0, -1.52, 0, 2, 0, 1.52, 0, 1.29985, -29.1765, -63.5732, 96.1318)

[node name="poles14" parent="World" instance=ExtResource("9_sjvbi")]
transform = Transform3D(1.29985, 0, -1.52, 0, 2, 0, 1.52, 0, 1.29985, -30.4576, -63.5732, 107.375)

[node name="poles15" parent="World" instance=ExtResource("9_sjvbi")]
transform = Transform3D(1.29985, 0, -1.52, 0, 2, 0, 1.52, 0, 1.29985, -32.7608, -63.5732, 104.682)

[node name="poles16" parent="World" instance=ExtResource("9_sjvbi")]
transform = Transform3D(1.29985, 0, -1.52, 0, 2, 0, 1.52, 0, 1.29985, -35.47, -63.5732, 101.514)

[node name="poles13" parent="World" instance=ExtResource("9_sjvbi")]
transform = Transform3D(1.29985, 0, -1.52, 0, 2, 0, 1.52, 0, 1.29985, -31.7451, -63.5732, 93.1282)

[node name="poles17" parent="World" instance=ExtResource("9_sjvbi")]
transform = Transform3D(9.0582, 0, -4.23662, 0, 10, 0, 4.23662, 0, 9.0582, -23.2497, -63.5732, 69.9283)

[node name="checkpoint" parent="World" instance=ExtResource("10_x8fmr")]
transform = Transform3D(1, 0, 0, 0, 1, 0, 0, 0, 1, -4.33406, -31.0331, 62.2446)

[node name="checkpoint2" parent="World" instance=ExtResource("10_x8fmr")]
transform = Transform3D(1, 0, 0, 0, 1, 0, 0, 0, 1, 1.12839, -38.4209, 71.6377)

[node name="checkpoint6" parent="World" instance=ExtResource("10_x8fmr")]
transform = Transform3D(1, 0, 0, 0, 1, 0, 0, 0, 1, -8.28202, -54.7703, 87.2109)

[node name="checkpoint3" parent="World" instance=ExtResource("10_x8fmr")]
transform = Transform3D(1, 0, 0, 0, 1, 0, 0, 0, 1, 3.05207, -21.9819, 52.3799)

[node name="safe_land2" parent="World" instance=ExtResource("19_eho4g")]
transform = Transform3D(3, 0, 0, 0, 3, 0, 0, 0, 3, -0.679321, -3.53247, 19.9945)

[node name="safe_land10" parent="World" instance=ExtResource("19_eho4g")]
transform = Transform3D(3, 0, 0, 0, 3, 0, 0, 0, 3, -0.679321, -3.53247, 15.9138)

[node name="safe_land20" parent="World" instance=ExtResource("19_eho4g")]
transform = Transform3D(3, 0, 0, 0, 3, 0, 0, 0, 3, -4.48962, -3.53247, 15.9138)

[node name="safe_land11" parent="World" instance=ExtResource("19_eho4g")]
transform = Transform3D(3, 0, 0, 0, 3, 0, 0, 0, 3, -8.60501, -60.2637, 86.8616)

[node name="safe_land14" parent="World" instance=ExtResource("19_eho4g")]
transform = Transform3D(3.24963, 0, -3.79999, 0, 5, 0, 3.79999, 0, 3.24963, -30.2225, -73.6463, 101.388)

[node name="safe_land15" parent="World" instance=ExtResource("19_eho4g")]
transform = Transform3D(3.24963, 0, -3.79999, 0, 5, 0, 3.79999, 0, 3.24963, -30.9213, -73.6463, 98.5731)

[node name="safe_land16" parent="World" instance=ExtResource("19_eho4g")]
transform = Transform3D(3.24963, 0, -3.79999, 0, 5, 0, 3.79999, 0, 3.24963, -16.1264, -24.5453, 89.7605)

[node name="safe_land17" parent="World" instance=ExtResource("19_eho4g")]
transform = Transform3D(0.444037, 0, -4.98025, 0, 5, 0, 4.98025, 0, 0.444037, -30.6771, -68.6031, 111.422)

[node name="safe_land18" parent="World" instance=ExtResource("19_eho4g")]
transform = Transform3D(3.24963, 0, -3.79999, 0, 5, 0, 3.79999, 0, 3.24963, -76.293, -72.2112, 97.5436)

[node name="safe_land13" parent="World" instance=ExtResource("19_eho4g")]
transform = Transform3D(1.29985, 0, -1.52, 0, 2, 0, 1.52, 0, 1.29985, -8.68899, -63.7666, 107.143)

[node name="safe_land9" parent="World" instance=ExtResource("19_eho4g")]
transform = Transform3D(3, 0, 0, 0, 3, 0, 0, 0, 3, -0.679321, -7.51514, 27.4452)

[node name="safe_land6" parent="World" instance=ExtResource("19_eho4g")]
transform = Transform3D(1, 0, 0, 0, 1, 0, 0, 0, 1, -1.54587, 1.26917, 20.9978)

[node name="safe_land7" parent="World" instance=ExtResource("19_eho4g")]
transform = Transform3D(1, 0, 0, 0, 1, 0, 0, 0, 1, -1.59839, 2.21057, 21.6563)

[node name="safe_land8" parent="World" instance=ExtResource("19_eho4g")]
transform = Transform3D(1, 0, 0, 0, 1, 0, 0, 0, 1, -1.62465, 2.995, 22.1135)

[node name="safe_land3" parent="World" instance=ExtResource("19_eho4g")]
transform = Transform3D(3, 0, 0, 0, 3, 0, 0, 0, 3, -0.679321, -4.43176, 21.8212)

[node name="safe_land4" parent="World" instance=ExtResource("19_eho4g")]
transform = Transform3D(3, 0, 0, 0, 3, 0, 0, 0, 3, -0.679321, -5.54578, 22.6377)

[node name="safe_land5" parent="World" instance=ExtResource("19_eho4g")]
transform = Transform3D(3, 0, 0, 0, 3, 0, 0, 0, 3, -0.679321, -6.44507, 23.9815)

[node name="door" parent="World" instance=ExtResource("20_gn8te")]
transform = Transform3D(1, 0, 0, 0, 1, 0, 0, 0, 1, -1.034, 2.24634, 13.3033)
look_at_door_when_opens = true
open_door_with_coins = 1

[node name="coin" parent="World" instance=ExtResource("21_27u36")]
transform = Transform3D(1, 0, 0, 0, 1, 0, 0, 0, 1, -0.856384, 0.0508728, 25.0999)
visible = false

[node name="coin2" parent="World" instance=ExtResource("21_27u36")]
transform = Transform3D(1, 0, 0, 0, 1, 0, 0, 0, 1, 1.19165, 1.56824, 23.9176)
visible = false

[node name="coin3" parent="World" instance=ExtResource("21_27u36")]
transform = Transform3D(1, 0, 0, 0, 1, 0, 0, 0, 1, 0.570099, 2.46744, 21.1106)
visible = false

[node name="platform-falling" parent="World" instance=ExtResource("14_b7kie")]
transform = Transform3D(0.905502, 0, -0.424342, 0, 1, 0, 0.424342, 0, 0.905502, -9.18229, -57.4291, 96.0894)

[node name="platform-falling2" parent="World" instance=ExtResource("14_b7kie")]
transform = Transform3D(0.905502, 0, -0.424342, 0, 1, 0, 0.424342, 0, 0.905502, -8.15907, -58.0041, 102.753)

[node name="platform-falling3" parent="World" instance=ExtResource("14_b7kie")]
transform = Transform3D(0.905502, 0, -0.424342, 0, 1, 0, 0.424342, 0, 0.905502, -22.3355, -62.0704, 107.746)

[node name="platform-falling4" parent="World" instance=ExtResource("14_b7kie")]
transform = Transform3D(0.905502, 0, -0.424342, 0, 1, 0, 0.424342, 0, 0.905502, -12.7137, -60.414, 108.916)

[node name="platform-falling5" parent="World" instance=ExtResource("14_b7kie")]
transform = Transform3D(0.905502, 0, -0.424342, 0, 1, 0, 0.424342, 0, 0.905502, -18.0138, -61.7695, 109.54)

[node name="shape-hollow-cylinder-half2" parent="World" instance=ExtResource("15_pbbds")]
transform = Transform3D(-4.17155e-07, -9.54339, -11.5725, 15, -6.55671e-07, 0, -5.05852e-07, -11.5725, 9.54339, -25.7466, -54.5849, 105.68)
visible = false

[node name="shape-hollow-cylinder-half3" parent="World" instance=ExtResource("15_pbbds")]
transform = Transform3D(11.5725, 0, 9.5434, 0, 15, 0, -9.5434, 0, 11.5725, -30.5244, -70.397, 85.0875)

[node name="shape-hollow-cylinder-half4" parent="World" instance=ExtResource("15_pbbds")]
transform = Transform3D(-11.5725, 0, -9.54339, 0, 15, 0, 9.54339, 0, -11.5725, -45.6703, -70.397, 98.1954)

[node name="checkpoint4" parent="World" instance=ExtResource("10_x8fmr")]
transform = Transform3D(0.649926, 0, -0.759998, 0, 1, 0, 0.759998, 0, 0.649926, -8.6101, -59.0135, 107.84)

[node name="checkpoint5" parent="World" instance=ExtResource("10_x8fmr")]
transform = Transform3D(0.649926, 0, -0.759998, 0, 1, 0, 0.759998, 0, 0.649926, -30.0308, -63.6463, 104.551)

[node name="spike-block5" parent="World" instance=ExtResource("18_u2w57")]
transform = Transform3D(0.727868, 0, -0.685717, 0, 1, 0, 0.685717, 0, 0.727868, -59.9636, -60.989, 92.978)

[node name="moving_object_path" parent="World" node_paths=PackedStringArray("object_to_move") instance=ExtResource("12_wupaq")]
curve = SubResource("Curve3D_boi82")
object_to_move = NodePath("../spike-block5")
movement_speed = 5.0

[node name="under_swing" parent="World" instance=ExtResource("19_tnk0s")]
transform = Transform3D(0.14591, -1.27559e-08, -0.989298, -8.74228e-08, -1, 1.08864e-15, -0.989298, 8.64872e-08, -0.14591, -41.4564, -62.1702, 85.0176)

[node name="under_swing2" parent="World" instance=ExtResource("19_tnk0s")]
transform = Transform3D(0.0993371, -8.68433e-09, -0.995054, -8.74228e-08, -1, -9.42084e-15, -0.995054, 8.69904e-08, -0.0993371, -45.115, -61.128, 84.3212)

[node name="under_swing3" parent="World" instance=ExtResource("19_tnk0s")]
transform = Transform3D(0.565672, -4.94527e-08, -0.82463, -8.74228e-08, -1, 1.27e-16, -0.82463, 7.20914e-08, -0.565672, -46.0553, -60.1375, 80.8748)

[node name="under_swing4" parent="World" instance=ExtResource("19_tnk0s")]
transform = Transform3D(0.434776, -3.80092e-08, -0.900539, -8.74228e-08, -1, 5.92232e-15, -0.900539, 7.87277e-08, -0.434776, -49.3241, -59.8313, 80.7516)

[node name="under_swing5" parent="World" instance=ExtResource("19_tnk0s")]
transform = Transform3D(0.75284, -6.58154e-08, -0.658204, -8.74228e-08, -1, 1.47009e-14, -0.658204, 5.75419e-08, -0.75284, -50.749, -58.9389, 78.934)

[node name="under_swing9" parent="World" instance=ExtResource("19_tnk0s")]
transform = Transform3D(0.121263, -1.06012e-08, -0.992621, -8.74228e-08, -1, 7.35907e-15, -0.992621, 8.67777e-08, -0.121263, -52.5756, -57.5687, 76.7361)

[node name="under_swing10" parent="World" instance=ExtResource("19_tnk0s")]
transform = Transform3D(-0.306726, 2.68148e-08, -0.951798, -8.74228e-08, -1, 8.26095e-15, -0.951798, 8.32088e-08, 0.306726, -55.6753, -56.7271, 77.7004)

[node name="under_swing11" parent="World" instance=ExtResource("19_tnk0s")]
transform = Transform3D(0.0846344, -7.39898e-09, -0.996412, -8.74228e-08, -1, 5.72086e-15, -0.996412, 8.71092e-08, -0.0846344, -58.3662, -55.874, 77.0403)

[node name="under_swing12" parent="World" instance=ExtResource("19_tnk0s")]
transform = Transform3D(-0.965414, 8.43991e-08, -0.260724, -8.74228e-08, -1, 4.23801e-15, -0.260724, 2.27932e-08, 0.965414, -60.9011, -55.874, 77.4118)

[node name="under_swing13" parent="World" instance=ExtResource("19_tnk0s")]
transform = Transform3D(-0.749407, 6.55151e-08, -0.66211, -8.74228e-08, -1, 1.35796e-14, -0.66211, 5.78835e-08, 0.749407, -62.1015, -54.8194, 80.7698)

[node name="under_swing14" parent="World" instance=ExtResource("19_tnk0s")]
transform = Transform3D(0.310229, -2.7121e-08, -0.950662, -8.74228e-08, -1, 6.53309e-15, -0.950662, 8.31095e-08, -0.310229, -65.9, -53.645, 81.2424)

[node name="under_swing15" parent="World" instance=ExtResource("19_tnk0s")]
transform = Transform3D(0.631691, -5.52241e-08, -0.775221, -8.74228e-08, -1, 1.13133e-15, -0.775221, 6.7772e-08, -0.631691, -68.1495, -52.9259, 77.8864)

[node name="under_swing16" parent="World" instance=ExtResource("19_tnk0s")]
transform = Transform3D(0.771791, -6.74721e-08, -0.635877, -8.74228e-08, -1, 9.84948e-15, -0.635877, 5.55901e-08, -0.771791, -69.5592, -51.517, 75.9835)

[node name="under_swing17" parent="World" instance=ExtResource("19_tnk0s")]
transform = Transform3D(0.982868, -8.5925e-08, -0.184312, -8.74228e-08, -1, -5.37902e-15, -0.184312, 1.61131e-08, -0.982868, -70.8419, -49.7072, 73.521)

[node name="under_swing18" parent="World" instance=ExtResource("19_tnk0s")]
transform = Transform3D(0.972137, -8.49869e-08, 0.234413, -8.74228e-08, -1, -8.43763e-15, 0.234413, -2.0493e-08, -0.972137, -70.534, -48.9256, 70.5873)

[node name="checkpoint7" parent="World" instance=ExtResource("10_x8fmr")]
transform = Transform3D(1, 0, 0, 0, 1, 0, 0, 0, 1, -34.952, -63.441, 98.2596)

[node name="moving_platform_1" parent="World" instance=ExtResource("13_yocau")]
transform = Transform3D(1, 0, 0, 0, 1, 0, 0, 0, 1, -43.561, -64.076, 93.4252)
metadata/_edit_group_ = true

[node name="moving_platform_square5" parent="World/moving_platform_1" instance=ExtResource("13_yocau")]
transform = Transform3D(1, 0, 0, 0, 1, 0, 0, 0, 1, 0, -2.04565, 0)

[node name="trampoline" parent="World/moving_platform_1" instance=ExtResource("20_tm3wb")]
transform = Transform3D(1, 0, 0, 0, 1, 0, 0, 0, 1, 0, 1.725, 0)

[node name="path_1" parent="World" node_paths=PackedStringArray("object_to_move") instance=ExtResource("12_wupaq")]
curve = SubResource("Curve3D_kvh7w")
object_to_move = NodePath("../moving_platform_1")
ping_pong = true

[node name="moving_platform_2" parent="World" instance=ExtResource("13_yocau")]
transform = Transform3D(1, 0, 0, 0, 1, 0, 0, 0, 1, -38.9049, -65.7085, 93.0667)
metadata/_edit_group_ = true

[node name="trampoline" parent="World/moving_platform_2" instance=ExtResource("20_tm3wb")]
transform = Transform3D(1, 0, 0, 0, 1, 0, 0, 0, 1, 0, 1.725, 0)

[node name="moving_platform_square" parent="World/moving_platform_2" instance=ExtResource("13_yocau")]
transform = Transform3D(1, 0, 0, 0, 1, 0, 0, 0, 1, 0, -1.91982, 0)

[node name="path2" parent="World" node_paths=PackedStringArray("object_to_move") instance=ExtResource("12_wupaq")]
curve = SubResource("Curve3D_g7dky")
object_to_move = NodePath("../moving_platform_2")

[node name="moving_platform_3" parent="World" instance=ExtResource("13_yocau")]
transform = Transform3D(1, 0, 0, 0, 1, 0, 0, 0, 1, -39.4945, -64.7335, 85.1888)
metadata/_edit_group_ = true

[node name="trampoline" parent="World/moving_platform_3" instance=ExtResource("20_tm3wb")]
transform = Transform3D(1, 0, 0, 0, 1, 0, 0, 0, 1, 0, 1.725, 0)

[node name="moving_platform_square" parent="World/moving_platform_3" instance=ExtResource("13_yocau")]
transform = Transform3D(1, 0, 0, 0, 1, 0, 0, 0, 1, 0, -2, 0)

[node name="path_3" parent="World" node_paths=PackedStringArray("object_to_move") instance=ExtResource("12_wupaq")]
curve = SubResource("Curve3D_dadvr")
object_to_move = NodePath("../moving_platform_3")

[node name="moving_platform_4" parent="World" instance=ExtResource("13_yocau")]
transform = Transform3D(1, 0, 0, 0, 1, 0, 0, 0, 1, -36.0041, -64.7859, 89.0152)
metadata/_edit_group_ = true

[node name="trampoline" parent="World/moving_platform_4" instance=ExtResource("20_tm3wb")]
transform = Transform3D(1, 0, 0, 0, 1, 0, 0, 0, 1, 0, 1.725, 0)

[node name="moving_platform_square" parent="World/moving_platform_4" instance=ExtResource("13_yocau")]
transform = Transform3D(1, 0, 0, 0, 1, 0, 0, 0, 1, 0, -1.879, 0)

[node name="path_4" parent="World" node_paths=PackedStringArray("object_to_move") instance=ExtResource("12_wupaq")]
curve = SubResource("Curve3D_apsyo")
object_to_move = NodePath("../moving_platform_4")

[node name="sunroom" type="Node3D" parent="World"]
transform = Transform3D(-0.482825, 0, -0.129924, 0, 0.5, 0, 0.129924, 0, -0.482825, -69.5812, -37.6299, 66.2563)
metadata/_edit_group_ = true

[node name="shape-hexagon2" parent="World/sunroom" instance=ExtResource("21_55yrq")]
transform = Transform3D(10, 0, 0, 0, 1, 0, 0, 0, 10, -0.176605, -21.8092, 0.162277)

[node name="shape-hexagon3" parent="World/sunroom" instance=ExtResource("21_55yrq")]
transform = Transform3D(1.74376, 0.00555181, 0.977854, -0.063644, 0.199898, 0, -0.977359, -0.00311172, 1.74465, 0.71347, -19.6449, 0.714386)

[node name="door-open2" parent="World/sunroom" instance=ExtResource("22_usddn")]
transform = Transform3D(7.36122, 0, -4.25, 0, 17, 0, 4.25, 0, 7.36122, -1.63902, -21.763, 3.24777)

[node name="door-open3" parent="World/sunroom" instance=ExtResource("22_usddn")]
transform = Transform3D(-4.76837e-07, 0, -8.5, 0, 17, 0, 8.5, 0, -4.76837e-07, -3.51994, -21.763, 0.0494843)

[node name="door-open4" parent="World/sunroom" instance=ExtResource("22_usddn")]
transform = Transform3D(0.242673, 0, 8.49654, 0, 17, 0, -8.49654, 0, 0.242673, 3.54808, -21.763, 0.0613632)

[node name="door-open5" parent="World/sunroom" instance=ExtResource("22_usddn")]
transform = Transform3D(7.47955, 0, 4.03811, 0, 17, 0, -4.03811, 0, 7.47955, 1.62737, -21.763, 3.23598)

[node name="door-open6" parent="World/sunroom" instance=ExtResource("22_usddn")]
transform = Transform3D(-7.44603, 0, -4.09958, 0, 17, 0, 4.09958, 0, -7.44603, -2.01392, -21.763, -3.02922)

[node name="door-open7" parent="World/sunroom" instance=ExtResource("22_usddn")]
transform = Transform3D(-7.27336, 0, 4.39866, 0, 17, 0, -4.39866, 0, -7.27336, 1.69626, -21.763, -2.98372)

[node name="Roof" type="Node3D" parent="World/sunroom"]
transform = Transform3D(-1.8357e-07, 4.19959, 2.3388, -4.80693, -2.10118e-07, 1.62738e-14, 1.02233e-07, -2.3388, 4.19959, 0.277878, -3.71507, 2.06157)

[node name="fence-low-corner-curved2" parent="World/sunroom/Roof" instance=ExtResource("23_acl3a")]
transform = Transform3D(1, 1.77636e-15, -1.77636e-15, 2.66454e-15, 1, -2.98023e-08, -1.77636e-15, 2.98023e-08, 1, 0, 0, 0)

[node name="fence-low-corner-curved3" parent="World/sunroom/Roof" instance=ExtResource("23_acl3a")]
transform = Transform3D(1, 8.73271e-08, 2.89083e-09, 8.73271e-08, -0.997811, -0.0661346, -2.89084e-09, 0.0661346, -0.997811, 0, 0.274898, -0.826648)

[node name="Roof2" type="Node3D" parent="World/sunroom"]
transform = Transform3D(-1.07806e-08, 0.246633, 4.80059, -4.80693, -2.10118e-07, 3.23333e-14, 2.09841e-07, -4.80059, 0.246633, 1.97717, -3.71507, 0.847977)

[node name="fence-low-corner-curved2" parent="World/sunroom/Roof2" instance=ExtResource("23_acl3a")]
transform = Transform3D(1, 1.77636e-15, -1.77636e-15, 2.66454e-15, 1, -2.98023e-08, -1.77636e-15, 2.98023e-08, 1, 0, 0, 0)

[node name="fence-low-corner-curved3" parent="World/sunroom/Roof2" instance=ExtResource("23_acl3a")]
transform = Transform3D(1, 8.73271e-08, 2.89083e-09, 8.73271e-08, -0.997811, -0.0661346, -2.89084e-09, 0.0661346, -0.997811, 0, 0.274898, -0.826648)

[node name="Roof3" type="Node3D" parent="World/sunroom"]
transform = Transform3D(1.73387e-07, -3.96664, 2.7152, -4.80693, -2.10118e-07, 2.78255e-14, 1.18685e-07, -2.7152, -3.96664, 1.61496, -3.71507, -1.20422)

[node name="fence-low-corner-curved2" parent="World/sunroom/Roof3" instance=ExtResource("23_acl3a")]
transform = Transform3D(1, 1.77636e-15, -1.77636e-15, 2.66454e-15, 1, -2.98023e-08, -1.77636e-15, 2.98023e-08, 1, 0, 0, 0)

[node name="fence-low-corner-curved3" parent="World/sunroom/Roof3" instance=ExtResource("23_acl3a")]
transform = Transform3D(1, 8.73271e-08, 2.89083e-09, 8.73271e-08, -0.997811, -0.0661346, -2.89084e-09, 0.0661346, -0.997811, 0, 0.274898, -0.826648)

[node name="coin32" parent="World/sunroom" instance=ExtResource("21_27u36")]
transform = Transform3D(0.288675, -4.65661e-10, -0.166667, 0.014526, 0.332065, 0.0251597, 0.166032, -0.0290519, 0.287577, 0.720184, -20.8092, 1.88197)
visible = false

[node name="coin33" parent="World/sunroom" instance=ExtResource("21_27u36")]
transform = Transform3D(0.288675, -4.65661e-10, -0.166667, 0.014526, 0.332065, 0.0251597, 0.166032, -0.0290519, 0.287577, 1.20447, -20.8823, 1.04628)
visible = false

[node name="coin34" parent="World/sunroom" instance=ExtResource("21_27u36")]
transform = Transform3D(0.288675, -4.65661e-10, -0.166667, 0.014526, 0.332065, 0.0251597, 0.166032, -0.0290519, 0.287577, -0.0619354, -20.946, 0.317871)
visible = false

[node name="coin35" parent="World/sunroom" instance=ExtResource("21_27u36")]
transform = Transform3D(0.288675, -4.65661e-10, -0.166667, 0.014526, 0.332065, 0.0251597, 0.166032, -0.0290519, 0.287577, -0.578842, -20.8539, -2.02342)
visible = false

[node name="coin36" parent="World/sunroom" instance=ExtResource("21_27u36")]
transform = Transform3D(0.288675, -4.65661e-10, -0.166667, 0.014526, 0.332065, 0.0251597, 0.166032, -0.0290519, 0.287577, -2.72884, -20.8119, -1.54343)
visible = false

[node name="coin37" parent="World/sunroom" instance=ExtResource("21_27u36")]
transform = Transform3D(0.288675, -4.65661e-10, -0.166667, 0.014526, 0.332065, 0.0251597, 0.166032, -0.0290519, 0.287577, 2.45526, -20.68, 3.06628)
visible = false

[node name="coin38" parent="World/sunroom" instance=ExtResource("21_27u36")]
transform = Transform3D(0.288675, -4.65661e-10, -0.166667, 0.014526, 0.332065, 0.0251597, 0.166032, -0.0290519, 0.287577, -2.64172, -20.6653, 3.23358)
visible = false

[node name="checkpoint8" parent="World" instance=ExtResource("10_x8fmr")]
transform = Transform3D(1, 0, 0, 0, 1, 0, 0, 0, 1, -41.2125, -60.7241, 85.1144)

[node name="checkpoint9" parent="World" instance=ExtResource("10_x8fmr")]
transform = Transform3D(1, 0, 0, 0, 1, 0, 0, 0, 1, -58.331, -54.0679, 77.12)

[node name="trampoline" parent="World" instance=ExtResource("20_tm3wb")]
transform = Transform3D(1, 0, 0, 0, 0.714839, -0.699289, 0, 0.699289, 0.714839, -32.7035, -64.0709, 96.7588)

[node name="trampoline2" parent="World" instance=ExtResource("20_tm3wb")]
transform = Transform3D(1, 0, 0, 0, 0.714839, -0.699289, 0, 0.699289, 0.714839, -32.7035, -63.6954, 97.0835)

[node name="trampoline3" parent="World" instance=ExtResource("20_tm3wb")]
transform = Transform3D(1, 0, 0, 0, 0.714839, -0.699289, 0, 0.699289, 0.714839, -32.7035, -63.32, 97.4387)

[node name="trampoline slide" type="Node3D" parent="World"]
transform = Transform3D(1, 0, 0, 0, 0.714839, -0.699289, 0, 0.699289, 0.714839, -32.7035, -63.3239, 99.7744)

[node name="trampoline4" parent="World/trampoline slide" instance=ExtResource("20_tm3wb")]
transform = Transform3D(1, 0, 0, 0, 1, 0, 0, 0, 1, 0, 0, 0)

[node name="trampoline5" parent="World/trampoline slide" instance=ExtResource("20_tm3wb")]
transform = Transform3D(1, 0, 0, 0, 1, 0, 0, 0, 1, 0, 0.495453, -0.0304337)

[node name="trampoline6" parent="World/trampoline slide" instance=ExtResource("20_tm3wb")]
transform = Transform3D(1, 0, 0, 0, 1, 0, 0, 0, 1, 0, 1.0122, -0.0391083)

[node name="trampoline7" parent="World/trampoline slide" instance=ExtResource("20_tm3wb")]
transform = Transform3D(1, 0, 0, 0, 1, 0, 0, 0, 1, 0, 1.48028, -0.0656357)

[node name="trampoline8" parent="World/trampoline slide" instance=ExtResource("20_tm3wb")]
transform = Transform3D(1, 0, 0, 0, 1, 0, 0, 0, 1, 0, 1.97573, -0.0960617)

[node name="trampoline9" parent="World/trampoline slide" instance=ExtResource("20_tm3wb")]
transform = Transform3D(1, 0, 0, 0, 1, 0, 0, 0, 1, 0, 2.49248, -0.104744)

[node name="trampoline slide2" type="Node3D" parent="World"]
transform = Transform3D(1, 0, 0, 0, 0.714839, -0.699289, 0, 0.699289, 0.714839, -31.4748, -60.9544, 102.855)

[node name="trampoline4" parent="World/trampoline slide2" instance=ExtResource("20_tm3wb")]
transform = Transform3D(1, 0, 0, 0, 1, 0, 0, 0, 1, 0, 0, 0)

[node name="trampoline5" parent="World/trampoline slide2" instance=ExtResource("20_tm3wb")]
transform = Transform3D(1, 0, 0, 0, 1, 0, 0, 0, 1, 0, 0.495453, -0.0304337)

[node name="trampoline6" parent="World/trampoline slide2" instance=ExtResource("20_tm3wb")]
transform = Transform3D(1, 0, 0, 0, 1, 0, 0, 0, 1, 0, 1.0122, -0.0391083)

[node name="trampoline7" parent="World/trampoline slide2" instance=ExtResource("20_tm3wb")]
transform = Transform3D(1, 0, 0, 0, 1, 0, 0, 0, 1, 0, 1.48028, -0.0656357)

[node name="trampoline8" parent="World/trampoline slide2" instance=ExtResource("20_tm3wb")]
transform = Transform3D(1, 0, 0, 0, 1, 0, 0, 0, 1, 0, 1.97573, -0.0960617)

[node name="trampoline9" parent="World/trampoline slide2" instance=ExtResource("20_tm3wb")]
transform = Transform3D(1, 0, 0, 0, 1, 0, 0, 0, 1, 0, 2.49248, -0.104744)

[node name="Sun" type="DirectionalLight3D" parent="."]
transform = Transform3D(-0.422618, -0.694272, 0.582563, 0, 0.642788, 0.766044, -0.906308, 0.323744, -0.271654, 0, 0, 0)
shadow_enabled = true
shadow_opacity = 0.75

[node name="HUD" type="CanvasLayer" parent="." groups=["HUD"]]
process_mode = 3
script = ExtResource("22_mwvov")

[node name="Control" type="Control" parent="HUD"]
layout_mode = 3
anchors_preset = 15
anchor_right = 1.0
anchor_bottom = 1.0
grow_horizontal = 2
grow_vertical = 2

[node name="Icon" type="TextureRect" parent="HUD/Control"]
layout_mode = 0
offset_left = 57.0
offset_top = 67.0
offset_right = 313.0
offset_bottom = 323.0
scale = Vector2(0.2, 0.2)
texture = ExtResource("23_pyjl2")

[node name="x" type="Label" parent="HUD/Control"]
layout_mode = 0
offset_left = 112.0
offset_top = 64.0
offset_right = 144.0
offset_bottom = 123.0
text = "×"
label_settings = ExtResource("24_pkkbj")

[node name="Level Complete" type="Label" parent="HUD/Control"]
unique_name_in_owner = true
layout_mode = 1
anchors_preset = 5
anchor_left = 0.5
anchor_right = 0.5
offset_left = -429.0
offset_top = 139.0
offset_right = 429.0
offset_bottom = 287.0
grow_horizontal = 2
text = "Level Complete!"
label_settings = SubResource("LabelSettings_ri8jt")

[node name="CoinsLabel" type="Label" parent="HUD/Control"]
unique_name_in_owner = true
layout_mode = 0
offset_left = 144.0
offset_top = 64.0
offset_right = 368.0
offset_bottom = 123.0
text = "0"
label_settings = ExtResource("24_pkkbj")

[node name="PlayAgainButton" type="Button" parent="HUD/Control"]
unique_name_in_owner = true
layout_mode = 1
anchors_preset = 7
anchor_left = 0.5
anchor_top = 1.0
anchor_right = 0.5
anchor_bottom = 1.0
offset_left = -196.0
offset_top = -258.0
offset_right = 196.0
offset_bottom = -122.0
grow_horizontal = 2
grow_vertical = 0
size_flags_horizontal = 0
theme = ExtResource("26_6o16a")
theme_override_colors/font_color = Color(1, 1, 1, 1)
theme_override_constants/outline_size = 2
theme_override_fonts/font = ExtResource("25_33cwj")
theme_override_font_sizes/font_size = 60
text = "Play Again?"
icon = ExtResource("27_k27py")
flat = true
icon_alignment = 1

[node name="TimeLabel" type="Label" parent="HUD/Control"]
unique_name_in_owner = true
layout_mode = 1
anchors_preset = 5
anchor_left = 0.5
anchor_right = 0.5
offset_left = -48.5
offset_top = 59.0
offset_right = 48.5
offset_bottom = 115.0
grow_horizontal = 2
text = "00"
label_settings = SubResource("LabelSettings_x4d2s")
horizontal_alignment = 1
vertical_alignment = 1

[node name="TimeNameLabel" type="Label" parent="HUD/Control"]
unique_name_in_owner = true
layout_mode = 1
anchors_preset = 5
anchor_left = 0.5
anchor_right = 0.5
offset_left = -49.0
offset_top = 22.0
offset_right = 49.0
offset_bottom = 78.0
grow_horizontal = 2
text = "TIME"
